71 0.58602243543
91 0.610939605654
111 0.606047765136
131 0.64182695079
151 0.741267148928
171 0.721884482498
191 0.777888692587
211 0.737067062344
231 0.752026939537
251 0.75976261612
271 0.789910162103
291 0.784202581889
311 0.804702511033
331 0.791996254014
351 0.813720463455
371 0.812895819097
391 0.820388996186
411 0.81965831062
431 0.825020413625
451 0.824306145316
471 0.822563400092
491 0.842947162581
511 0.834559095935
531 0.859840896679
551 0.849421778913
571 0.846181174512
591 0.857565001606
611 0.846936528605
631 0.853508517328
651 0.865618208124
671 0.86095700084
691 0.867223096127
711 0.863114259734
731 0.863774851733
751 0.873964508085
771 0.866356046712
791 0.871160006546
811 0.883219699493
831 0.870150670597
851 0.876838859013
871 0.888450523504
891 0.882223690346
911 0.884119512321
931 0.886099667425
951 0.88683101881
971 0.888311463922
991 0.88851549932
1011 0.888863794973
1031 0.884626922645
1051 0.883135333697
1071 0.892219750327
1091 0.886484831577
1111 0.891394609816
1131 0.89127398915
1151 0.890137664861
1171 0.898126063489
1191 0.899088098048
1211 0.897203379016
1231 0.899427805113
1251 0.897977136313
1271 0.895365694552
1291 0.897160624107
1311 0.897337607869
1331 0.901294771206
1351 0.896491580502
1371 0.901261064728
1391 0.900547528656
1411 0.900033491455
1431 0.902774424795
1451 0.906138533141
1471 0.904803960834
1491 0.902512966517
1511 0.909255125062
1531 0.904531105854
1551 0.901870068822
1571 0.903129058019
1591 0.90952290982
1611 0.903116397334
1631 0.905746826501
1651 0.909156704657
1671 0.905875226788
1691 0.908691712966
1711 0.910845182046
1731 0.91475448217
1751 0.904443520292
1771 0.911467179153
1791 0.909628398463
1811 0.909556815824
1831 0.91147942952
1851 0.913812475758
1871 0.907699419506
1891 0.912070949833
1911 0.913824474261
1931 0.91233678906
1951 0.913815465903
1971 0.911591106305
1991 0.914349570749
2011 0.921005308536
2031 0.91196847207
2051 0.912498551968
2071 0.915644251291
2091 0.918303776405
2111 0.916635875254
2131 0.916287064264
2151 0.917911571185
2171 0.917483115905
