71 0.494021424143
91 0.514807842151
111 0.5702398074
131 0.591309338096
151 0.630116492607
171 0.637455700972
191 0.659269847636
211 0.687691240761
231 0.691699451737
251 0.708122209617
271 0.714704880637
291 0.723433845843
311 0.734935853549
331 0.730752693408
351 0.74677298626
371 0.75563247541
391 0.762025736823
411 0.762237128939
431 0.765451576117
451 0.782967186439
471 0.781435366838
491 0.778726843864
511 0.781170780406
531 0.778282916747
551 0.782208243823
571 0.794567103999
591 0.794571330766
611 0.805920345829
631 0.805641484356
651 0.804420720347
671 0.804841513583
691 0.803540000896
711 0.820045731431
731 0.811279566033
751 0.813049780538
771 0.815567685247
791 0.819980280641
811 0.81906586195
831 0.818718992031
851 0.823666040171
871 0.822689238293
891 0.822473827098
911 0.826641486389
931 0.82741252834
951 0.828671203063
971 0.831644913353
991 0.833565864024
1011 0.829992310267
1031 0.839774739695
1051 0.834992194254
1071 0.838434166155
1091 0.840858865486
1111 0.836686956129
1131 0.841556913227
1151 0.841758502014
1171 0.842231304772
1191 0.850966500322
1211 0.843545329034
1231 0.843241455465
1251 0.849577576265
1271 0.844116053867
1291 0.847767120731
1311 0.851193244099
1331 0.850735435714
1351 0.84696113729
1371 0.855510282113
1391 0.855850941187
1411 0.851609213655
1431 0.856342797473
1451 0.851469789929
1471 0.857021003289
1491 0.859006520135
1511 0.85925962556
1531 0.865623488435
1551 0.859073540982
1571 0.864509993546
1591 0.859063103953
1611 0.858283230289
1631 0.8699745891
1651 0.856999625187
1671 0.861688206737
1691 0.85988668005
1711 0.864469936488
1731 0.875404617905
1751 0.85995372801
1771 0.865898455186
1791 0.867730617026
1811 0.870134449648
1831 0.865197841881
1851 0.862673557311
1871 0.867255730739
1891 0.866280259468
1911 0.869161045263
1931 0.868489222899
1951 0.868601427564
1971 0.866198955612
1991 0.867953448675
2011 0.868541601137
2031 0.870163834134
2051 0.871919927766
2071 0.870446857559
2091 0.874352363397
2111 0.864226954482
2131 0.873989402227
2151 0.870712907493
2171 0.872710276923
