71 0.604707942448
91 0.621854299308
111 0.655674564622
131 0.671740390327
151 0.712788359679
171 0.725690873762
191 0.725195981759
211 0.731680759682
231 0.760595132479
251 0.758976933877
271 0.786498363821
291 0.80050080366
311 0.815242253679
331 0.805920348233
351 0.822518237673
371 0.805057353908
391 0.833004605213
411 0.831197075762
431 0.830978448211
451 0.830967469709
471 0.837825872544
491 0.85010743098
511 0.839096107508
531 0.853656085725
551 0.855071868705
571 0.859433479552
591 0.847901819324
611 0.854148124471
631 0.860797519417
651 0.860621366042
671 0.858977190442
691 0.868499858772
711 0.862315097114
731 0.865616626584
751 0.868696858422
771 0.862822093921
791 0.862576284628
811 0.867523768913
831 0.867484695576
851 0.873100728026
871 0.879961421453
891 0.871916417306
911 0.877196601476
931 0.87595908599
951 0.875505583508
971 0.878646939132
991 0.883260760443
1011 0.874087527266
1031 0.885532527359
1051 0.877809446862
1071 0.878975332469
1091 0.883103086626
1111 0.879433391801
1131 0.889616112162
1151 0.889816618294
1171 0.891342481893
1191 0.88799994158
1211 0.882250756117
1231 0.885381500591
1251 0.888469244601
1271 0.882265684111
1291 0.882770183424
1311 0.891366048804
1331 0.889567065278
1351 0.893404052128
1371 0.891658124105
1391 0.886273490975
1411 0.894067745166
1431 0.893758277271
1451 0.893543098904
1471 0.892286523111
1491 0.891215750623
1511 0.893693785891
1531 0.895960226089
1551 0.89534276428
1571 0.89506944697
1591 0.897098791221
1611 0.896344617113
1631 0.901236159814
1651 0.892882678743
1671 0.896679268411
1691 0.897480206812
1711 0.903516788388
1731 0.893131953174
1751 0.898567316152
1771 0.898211608718
1791 0.900669378108
1811 0.899031657275
1831 0.898865927129
1851 0.901040978077
1871 0.893884960251
1891 0.903935077294
1911 0.898404937409
1931 0.902061616268
1951 0.899449894327
1971 0.904039755529
1991 0.901130782
2011 0.904248167374
2031 0.901351070711
2051 0.896467959827
2071 0.899541689321
2091 0.904800170144
2111 0.904231401625
2131 0.908586402022
2151 0.903738506073
2171 0.904966800789
