71 0.399501446896
91 0.41791392438
111 0.456686693368
131 0.478309730103
151 0.496744063112
171 0.481683790471
191 0.50123735882
211 0.513048574398
231 0.555512072133
251 0.542764988667
271 0.548159143098
291 0.547958766305
311 0.566144971318
331 0.546678520568
351 0.552832306165
371 0.589128346721
391 0.571534591583
411 0.595383652618
431 0.597320124444
451 0.586308229127
471 0.593469044904
491 0.6103466294
511 0.584386272243
531 0.604388826232
551 0.613791584697
571 0.619728684625
591 0.609299310882
611 0.606283500818
631 0.627470216475
651 0.623909397078
671 0.637706335154
691 0.62784811953
711 0.632293901916
731 0.62735591425
751 0.648737018296
771 0.636534501237
791 0.638218556965
811 0.657879410704
831 0.643306562257
851 0.634575686837
871 0.652493076257
891 0.650021106192
911 0.660055137723
931 0.664974438739
951 0.666345960237
971 0.649510087902
991 0.660546126547
1011 0.651863445785
1031 0.673241497134
1051 0.675887721043
1071 0.662471988957
1091 0.65318957609
1111 0.654633001482
1131 0.65524780247
1151 0.679017897285
1171 0.664233911485
1191 0.681632083296
1211 0.674211036727
1231 0.668536358493
1251 0.687729963245
1271 0.672964108024
1291 0.68133260167
1311 0.676507282922
1331 0.686514408572
1351 0.688781319295
1371 0.674034758638
1391 0.682026862345
1411 0.672067911644
1431 0.671335362032
1451 0.683491481613
1471 0.682646074068
1491 0.68939460929
1511 0.689970054914
1531 0.68324540003
1551 0.693725197154
1571 0.690028996338
1591 0.696715016068
1611 0.683899566274
1631 0.694449786584
1651 0.675412831968
1671 0.704939967482
1691 0.683828777701
1711 0.689414388818
1731 0.698014691113
1751 0.697350485906
1771 0.698143993349
1791 0.69392139394
1811 0.707092387638
1831 0.69703133318
1851 0.689520458741
1871 0.706421372264
1891 0.691897870415
1911 0.702752893028
1931 0.697670090207
1951 0.698305341643
1971 0.692649229537
1991 0.702400979572
2011 0.710302745114
2031 0.707083906071
2051 0.699091193849
2071 0.710649119079
2091 0.713288701287
2111 0.696679814053
2131 0.703479410433
2151 0.711163084886
2171 0.697821590391
